            Panels   7.0°-12.00m/s                    
   -0.8337263        0.08093218          -0.85      6.768806e-05  
   -0.7702244         0.1500857     -0.8483227         0.0300533  
   -0.6494367          0.244129     -0.8432975        0.05998789  
   -0.4831867         0.3473875     -0.8349442        0.08968575  
   -0.2877482         0.4340156     -0.8232957         0.1190297  
   -0.1713805         0.4444809      -0.808398         0.1479038  
   -0.1248805         0.4669783       -0.79031         0.1761943  
  -0.08583717         0.4688263      -0.769103         0.2037894  
  -0.06283717         0.4745163     -0.7448607         0.2305803  
       -0.023         0.4786269     -0.7176787         0.2564611  
        0.023         0.4786269     -0.6876644         0.2813298  
   0.06283717         0.4745163     -0.6549362         0.3050882  
   0.08583717         0.4688263     -0.6196233         0.3276426  
    0.1248805         0.4669783      -0.581865          0.348904  
    0.1713805         0.4444809     -0.5418104         0.3687883  
    0.2877482         0.4340156     -0.4996175         0.3872173  
    0.4831867         0.3473875     -0.4554528          0.404118  
    0.6494367          0.244129     -0.4094906         0.4194239  
    0.7702244         0.1500857     -0.3619124         0.4330745  
    0.8337263        0.08093218     -0.3129059          0.445016  
