            Panels  11.0°-12.00m/s                    
   -0.8337263         0.1594989          -0.85       0.000105607  
   -0.7702244         0.2778906     -0.8483227        0.04688922  
   -0.6494367         0.4166614     -0.8432975         0.0935932  
   -0.4831867         0.5608213     -0.8349442         0.1399279  
   -0.2877482         0.6802347     -0.8232957         0.1857103  
   -0.1713805         0.6931334      -0.808398         0.2307598  
   -0.1248805         0.7290663       -0.79031         0.2748987  
  -0.08583717          0.731424      -0.769103         0.3179526  
  -0.06283717          0.740294     -0.7448607         0.3597517  
       -0.023         0.7467544     -0.7176787          0.400131  
        0.023         0.7467544     -0.6876644         0.4389312  
   0.06283717          0.740294     -0.6549362         0.4759992  
   0.08583717          0.731424     -0.6196233         0.5111886  
    0.1248805         0.7290663      -0.581865         0.5443605  
    0.1713805         0.6931334     -0.5418104         0.5753842  
    0.2877482         0.6802347     -0.4996175          0.604137  
    0.4831867         0.5608213     -0.4554528         0.6305056  
    0.6494367         0.4166614     -0.4094906         0.6543859  
    0.7702244         0.2778906     -0.3619124         0.6756836  
    0.8337263         0.1594989     -0.3129059         0.6943147  
